289 9.194E-07
290 9.226E-07
291 1.852E-06
292 1.858E-06
293 3.729E-06
294 5.612E-06
295 8.134E-06
296 1.632E-05
297 2.992E-05
298 2.623E-05
299 3.488E-05
300 4.740E-05
301 6.416E-05
302 1.057E-04
303 1.147E-04
304 1.328E-04
305 3.105E-04
306 1.947E-04
307 2.325E-04
308 2.776E-04
309 3.241E-04
310 3.800E-04
311 4.416E-04
312 5.919E-04
313 8.673E-04
314 7.192E-04
315 7.155E-04
316 7.925E-04
317 8.720E-04
318 9.597E-04
319 1.044E-03
320 1.144E-03
321 1.240E-03
322 1.344E-03
323 1.444E-03
324 1.543E-03
325 1.635E-03
326 1.718E-03
327 1.801E-03
328 1.890E-03
329 1.974E-03
330 2.057E-03
331 2.142E-03
332 2.209E-03
333 2.292E-03
334 2.384E-03
335 2.416E-03
336 2.451E-03
337 2.492E-03
338 2.534E-03
339 2.566E-03
340 2.594E-03
341 2.613E-03
342 2.627E-03
343 2.642E-03
344 2.640E-03
345 2.647E-03
346 2.630E-03
347 2.627E-03
348 2.617E-03
349 2.589E-03
350 2.568E-03
351 2.551E-03
352 2.528E-03
353 2.500E-03
354 2.465E-03
355 2.314E-03
356 2.360E-03
357 2.329E-03
358 2.280E-03
359 2.231E-03
360 2.171E-03
361 2.120E-03
362 2.054E-03
363 1.995E-03
364 2.052E-03
365 2.624E-03
366 2.184E-03
367 1.811E-03
368 1.678E-03
369 1.620E-03
370 1.549E-03
371 1.498E-03
372 1.439E-03
373 1.375E-03
374 1.318E-03
375 1.260E-03
376 1.225E-03
377 1.159E-03
378 1.124E-03
379 1.070E-03
380 1.005E-03
381 9.531E-04
382 9.066E-04
383 8.513E-04
384 8.018E-04
385 7.590E-04
386 7.208E-04
387 6.833E-04
388 6.411E-04
389 6.031E-04
390 5.662E-04
391 5.403E-04
392 5.113E-04
393 4.826E-04
394 4.604E-04
395 4.340E-04
396 4.124E-04
397 3.945E-04
398 3.794E-04
399 3.630E-04
400 3.630E-04
