289 4.36482E+13
290 4.37992E+13
291 8.79005E+13
292 8.82025E+13
293 1.77009E+14
294 2.6642E+14
295 3.86138E+14
296 7.74894E+14
297 1.42045E+15
298 1.24521E+15
299 1.65581E+15
300 2.25037E+15
301 3.04586E+15
302 5.01728E+15
303 5.44575E+15
304 6.30548E+15
305 1.47407E+16
306 9.24314E+15
307 1.10353E+16
308 1.318E+16
309 1.53852E+16
310 1.80412E+16
311 2.09647E+16
312 2.81004E+16
313 4.11747E+16
314 3.41453E+16
315 3.39686E+16
316 3.7624E+16
317 4.13977E+16
318 4.55627E+16
319 4.95603E+16
320 5.4307E+16
321 5.88885E+16
322 6.37893E+16
323 6.85405E+16
324 7.32383E+16
325 7.76366E+16
326 8.15518E+16
327 8.55225E+16
328 8.97141E+16
329 9.37309E+16
330 9.76375E+16
331 1.01683E+17
332 1.04865E+17
333 1.08819E+17
334 1.13181E+17
335 1.14683E+17
336 1.16362E+17
337 1.1832E+17
338 1.20305E+17
339 1.21804E+17
340 1.23156E+17
341 1.24068E+17
342 1.24724E+17
343 1.25417E+17
344 1.2535E+17
345 1.2568E+17
346 1.24859E+17
347 1.24731E+17
348 1.24232E+17
349 1.2292E+17
350 1.21915E+17
351 1.21115E+17
352 1.20007E+17
353 1.18677E+17
354 1.17018E+17
355 1.0986E+17
356 1.12015E+17
357 1.10551E+17
358 1.08229E+17
359 1.05911E+17
360 1.03088E+17
361 1.00667E+17
362 9.75193E+16
363 9.47185E+16
364 9.7435E+16
365 1.24586E+17
366 1.03701E+17
367 8.59698E+16
368 7.96457E+16
369 7.68898E+16
370 7.35218E+16
371 7.11056E+16
372 6.83008E+16
373 6.52733E+16
374 6.25675E+16
375 5.98275E+16
376 5.81698E+16
377 5.5022E+16
378 5.33411E+16
379 5.07919E+16
380 4.77119E+16
381 4.52481E+16
382 4.30398E+16
383 4.04145E+16
384 3.80648E+16
385 3.60319E+16
386 3.42211E+16
387 3.24394E+16
388 3.04331E+16
389 2.86315E+16
390 2.68791E+16
391 2.56489E+16
392 2.42738E+16
393 2.29112E+16
394 2.18587E+16
395 2.06017E+16
396 1.95773E+16
397 1.87274E+16
398 1.80132E+16
399 1.72348E+16
400 1.7278E+16